0	41.692
57.4019	62.8521
114.804	85.8857
172.206	112.704
229.608	137.675
287.01	156.976
344.412	166.497
401.814	164.822
459.215	159.643
516.617	146.683
574.019	128.538
631.421	110.567
688.823	92.8767
746.225	77.8347
803.627	64.8467
861.029	54.2713
918.431	45.6411
975.833	38.582
1033.23	32.8981
1090.64	28.2348
1148.04	24.4594
1205.44	21.2781
1262.84	18.6153
1320.24	16.235
1377.65	14.1645
1435.05	12.3337
1492.45	10.7661
1549.85	9.48624
1607.25	8.4396
1664.66	7.56399
1722.06	6.83537
1779.46	6.18958
1836.86	5.625
1894.26	5.10808
1951.67	4.64358
2009.07	4.21882
2066.47	3.84623
2123.87	3.54409
2181.27	3.30436
2238.68	3.12717
2296.08	2.99898
2353.48	2.90385
2410.88	2.82184
2468.28	2.70459
2525.69	2.56099
2583.09	2.37184
2640.49	2.16597
2697.89	1.9931
2755.29	1.84634
2812.69	1.74226
2870.1	1.66867
2927.5	1.60741
2984.9	1.56196
3042.3	1.53515
3099.7	1.51633
3157.11	1.48127
3214.51	1.43413
3271.91	1.36452
3329.31	1.28755
3386.71	1.2388
3444.12	1.20611
3501.52	1.18195
3558.92	1.16061
3616.32	1.11796
3673.72	1.0661
3731.13	1.02577
3788.53	0.990953
3845.93	0.961245
3903.33	0.928289
3960.73	0.861136
4018.14	0.774976
4075.54	0.686688
4132.94	0.613354
4190.34	0.604509
4247.74	0.602233
4305.15	0.605104
4362.55	0.61111
4419.95	0.587713
4477.35	0.524152
4534.75	0.476199
4592.15	0.441121
4649.56	0.458829
4706.96	0.517777
4764.36	0.578917
4821.76	0.634565
4879.16	0.630844
4936.57	0.596475
4993.97	0.531591
5051.37	0.445367
5108.77	0.369089
5166.17	0.309152
5223.58	0.307002
5280.98	0.318975
5338.38	0.357551
5395.78	0.41712
5453.18	0.421804
5510.59	0.416813
5567.99	0.386844
5625.39	0.310765
5682.79	0.253932
5740.19	0.210398
5797.6	0.194787
5855	0.188616
5912.4	0.189807
5969.8	0.196755
6027.2	0.2074
6084.6	0.220907
6142.01	0.22964
6199.41	0.234996
6256.81	0.239669
6314.21	0.244243
6371.61	0.2604
6429.02	0.294327
6486.42	0.328379
6543.82	0.360625
6601.22	0.362965
6658.62	0.354394
6716.03	0.333833
6773.43	0.297857
6830.83	0.269147
6888.23	0.246748
6945.63	0.240207
7003.04	0.238348
7060.44	0.23232
7117.84	0.221636
7175.24	0.20453
7232.64	0.183099
7290.05	0.180647
7347.45	0.185104
7404.85	0.199016
7462.25	0.230681
7519.65	0.25085
7577.06	0.261171
7634.46	0.256249
7691.86	0.224982
7749.26	0.184805
7806.66	0.135569
7864.06	0.0925271
7921.47	0.0552744
7978.87	0.0303572
8036.27	0.0175454
8093.67	0.0168073
8151.07	0.0220081
8208.48	0.0309988
8265.88	0.0437668
8323.28	0.0584963
8380.68	0.0751835
8438.08	0.0923624
8495.49	0.109941
8552.89	0.112819
8610.29	0.110584
8667.69	0.104839
8725.09	0.0938287
8782.5	0.0895312
8839.9	0.0882286
8897.3	0.0886743
8954.7	0.0928294
9012.1	0.099626
9069.51	0.109292
9126.91	0.11044
9184.31	0.102234
9241.71	0.0847024
9299.11	0.05732
9356.52	0.0345967
9413.92	0.0169692
9471.32	0.00685507
9528.72	0.00227831
9586.12	0.000781304
9643.52	0.000170298
9700.93	8.28299e-05
9758.33	0.000120306
9815.73	0.000267729
9873.13	0.00113056
9930.53	0.00312623
9987.94	0.00824772
10045.3	0.0182717
10102.7	0.0337664
10160.1	0.0489865
10217.5	0.0644641
10274.9	0.0674819
10332.3	0.0611919
10389.8	0.0511107
10447.2	0.0360946
10504.6	0.031633
10562	0.0313649
10619.4	0.0316452
10676.8	0.0339572
10734.2	0.03396
10791.6	0.0275224
10849	0.0224503
10906.4	0.0197723
10963.8	0.020005
11021.2	0.0267294
11078.6	0.0312597
11136	0.032953
11193.4	0.0324348
11250.8	0.0243286
11308.2	0.0160545
11365.6	0.00881994
11423	0.00378252
11480.4	0.00137877
11537.8	0.000500973
11595.2	0.000133688
11652.6	3.33016e-05
11710	7.22207e-06
11767.4	1.10166e-06
11824.8	2.1218e-07
11882.2	1.80501e-08
11939.6	3.22182e-09
11997	2.00368e-10
12054.4	1.94305e-10
12111.8	7.09342e-10
12169.2	1.01265e-08
12226.6	5.92259e-08
12284	6.29359e-07
12341.4	2.64632e-06
12398.8	1.95332e-05
12456.2	6.59258e-05
12513.6	0.000307896
12571	0.000882343
12628.4	0.00252144
12685.8	0.00629048
12743.2	0.0128888
12800.6	0.0204118
12858	0.029895
12915.4	0.0333753
12972.8	0.032907
13030.2	0.0316329
13087.6	0.0274048
13145	0.0256618
13202.4	0.0292528
13259.8	0.0322566
13317.2	0.0333677
13374.7	0.033285
13432.1	0.0259374
13489.5	0.0173167
13546.9	0.00992158
13604.3	0.00438313
13661.7	0.00163836
13719.1	0.000596695
13776.5	0.000171692
13833.9	4.04754e-05
13891.3	9.90795e-06
13948.7	1.3611e-06
14006.1	3.05273e-07
14063.5	2.26349e-08
14120.9	4.86846e-09
14178.3	1.85924e-10
14235.7	3.9322e-11
14293.1	7.53906e-13
14350.5	1.58816e-13
14407.9	1.5087e-15
14465.3	3.18593e-16
14522.7	1.48984e-18
14580.1	3.16351e-19
14637.5	7.25936e-22
14694.9	1.55224e-22
14752.3	1.74662e-25
14809.7	3.83978e-26
14867.1	2.90823e-26
14924.5	2.00575e-24
14981.9	8.68816e-23
15039.3	6.25491e-21
15096.7	1.33468e-19
15154.1	9.6276e-18
15211.5	1.10282e-16
15268.9	7.31876e-15
15326.3	5.15119e-14
15383.7	2.75071e-12
15441.1	1.39642e-11
15498.5	5.12259e-10
15555.9	2.15212e-09
15613.3	4.74755e-08
15670.7	1.79684e-07
15728.1	2.20836e-06
15785.5	7.78423e-06
15842.9	5.23595e-05
15900.3	0.000170377
15957.7	0.000648655
16015.1	0.00186191
16072.5	0.00480867
16129.9	0.00993917
16187.3	0.0181593
16244.7	0.0261372
16302.1	0.0318643
16359.6	0.0343347
16417	0.0298272
16474.4	0.022282
16531.8	0.0142709
16589.2	0.00713179
16646.6	0.00308196
16704	0.00114006
16761.4	0.000371508
16818.8	9.0425e-05
16876.2	2.58996e-05
16933.6	3.54173e-06
16991	9.48526e-07
17048.4	6.84688e-08
17105.8	1.76071e-08
17163.2	6.53174e-10